ts,id_i,id_k,type_i,type_k,pos_x_i,pos_y_i,pos_z_i,pos_x_k,pos_y_k,pos_z_k,vel_x_i,vel_y_i,vel_z_i,vel_x_k,vel_y_k,vel_z_k,angpos_x_i,angpos_y_i,angpos_z_i,angvel_x_i,angvel_y_i,angvel_z_i
0,72,9,0,0,0.12,0.12,-0.988956,0.12,0.12,-1,0.0266203,0.067196,0.0401938,0,0,0,0,0,0,0,0,0
0,10,8,0,0,0.6,-0.6,-0.958831,0.6,-0.6,-1,-0.0555784,0.0702273,0.0366014,0,0,0,0,0,0,0,0,0
0,10,9,0,0,0.6,-0.6,-0.958831,0.6,-0.6,-1,-0.0555784,0.0702273,0.0366014,0,0,0,0,0,0,0,0,0
18,98,9,0,0,0.612572,0.359698,-0.950322,0.612572,0.359698,-1,0.0698447,-0.00167682,-0.0389129,0,0,0,0,0,0,0,0,0
31,100,8,0,0,-0.475765,0.459739,-0.950919,-0.475765,0.459739,-1,0.0136617,-0.0653596,-0.101738,0,0,0,0,0,0,0,0,0
32,100,9,0,0,-0.475636,0.459121,-0.951826,-0.467378,0.467378,-1,0.0129052,-0.0617405,-0.0907677,0,0,0,0.00180958,0.000378246,0,0.180958,0.0378246,0
41,6,8,0,0,0.14958,-0.561983,-0.952033,0.14958,-0.561983,-1,0.0721461,0.092724,-0.242736,0,0,0,0,0,0,0,0,0
41,29,8,0,0,0.273478,-0.334571,-0.950481,0.273478,-0.334571,-1,0.0816532,0.0620227,-0.182205,0,0,0,0,0,0,0,0,0
53,77,8,0,0,-0.558969,0.213526,-0.950578,-0.558969,0.213526,-1,0.0774173,-0.0499514,-0.285478,0,0,0,0,0,0,0,0,0
54,109,9,0,0,0.63184,0.518501,-0.952102,0.63184,0.518501,-1,0.0589623,0.071298,-0.297633,0,0,0,0,0,0,0,0,0
58,42,9,0,0,0.48415,-0.23092,-0.950698,0.48415,-0.23092,-1,0.00715494,0.015656,-0.142439,0,0,0,0,0,0,0,0,0
63,58,8,0,0,-0.285672,-0.0564881,-0.950059,-0.285672,-0.0564881,-1,-0.0724958,-0.0896637,-0.182719,0,0,0,0,0,0,0,0,0
69,37,8,0,0,-0.156206,-0.199181,-0.951671,-0.156206,-0.199181,-1,-0.0524725,0.0591585,-0.342936,0,0,0,0,0,0,0,0,0
87,68,8,0,0,-0.404918,0.109381,-0.951615,-0.404918,0.109381,-1,-0.0516295,-0.0122057,-0.280013,0,0,0,0,0,0,0,0,0
91,79,8,0,0,-0.334049,0.222742,-0.953369,-0.334049,0.222742,-1,0.028545,-0.0353327,-0.375998,0,0,0,0.681017,0.00366311,-0.0590001,0.946316,0.00509012,-0.0819844
91,32,9,0,0,0.59808,-0.357936,-0.951392,0.59808,-0.357936,-1,-0.00210945,0.00226848,-0.261443,0,0,0,0,0,0,0,0,0
94,83,9,0,0,0.140009,0.284725,-0.952066,0.140009,0.284725,-1,0.0212858,0.0475794,-0.261853,0,0,0,0,0,0,0,0,0
96,56,8,0,0,-0.501747,0.023595,-0.952405,-0.501747,0.023595,-1,-0.0226529,0.0245781,-0.316218,0,0,0,0,0,0,0,0,0
102,5,8,0,0,0.064875,-0.504802,-0.950719,0.064875,-0.504802,-1,0.063603,0.093331,-0.450453,0,0,0,0,0,0,0,0,0
105,29,9,0,0,0.295404,-0.328161,-0.955955,0.311782,-0.311782,-1,0.0391699,-0.0447624,-0.0977059,0,0,0,-0.140818,0.0726596,0.00999666,0.501596,0.56262,-0.00972502
106,14,8,0,0,-0.277481,-0.387535,-0.954033,-0.277481,-0.387535,-1,-0.0353594,0.087231,-0.500236,0,0,0,0,0,0,0,0,0
107,99,8,0,0,-0.568212,0.47494,-0.951425,-0.568212,0.47494,-1,-0.018947,0.0107919,-0.338649,0,0,0,-0.00471273,-0.0211323,-0.000457144,-0.126592,-0.50309,-0.0109011
115,66,8,0,0,-0.633529,0.124911,-0.95139,-0.633529,0.124911,-1,-0.0975529,-0.0882669,-0.261732,0,0,0,0.63844,-0.552699,-0.128709,1.44803,-1.23835,-0.290455
116,31,9,0,0,0.395004,-0.265816,-0.953209,0.395004,-0.265816,-1,-0.103098,0.0614952,-0.450258,0,0,0,0.0162166,-0.041679,-0.0117439,0.221702,-0.57202,-0.161362
119,71,9,0,0,0.0484582,0.239553,-0.954404,0.0484582,0.239553,-1,0.0210316,0.104431,-0.512631,0,0,0,-0.316457,-0.620237,-0.0471305,-0.398539,-0.785241,-0.0596417
123,21,9,0,0,0.600292,-0.470375,-0.951982,0.600292,-0.470375,-1,0.00649039,0.0407797,-0.404782,0,0,0,-0.0893553,0.000851041,-0.0121726,-0.650949,0.00607405,-0.0883506
124,90,8,0,0,-0.312557,0.321707,-0.952658,-0.317132,0.317132,-1,0.0382403,-0.0188694,-0.389117,0,0,0,0.993301,0.00534285,-0.086055,0.946316,0.00509012,-0.0819844
124,90,9,0,0,-0.312557,0.321707,-0.952658,-0.312557,0.321707,-1,0.0382403,-0.0188694,-0.389117,0,0,0,0.993301,0.00534285,-0.086055,0.946316,0.00509012,-0.0819844
125,111,9,0,0,-0.458058,0.537776,-0.951035,-0.458058,0.537776,-1,0.0345058,0.0880983,-0.326784,0,0,0,-0.311297,0.0444138,0.00862538,-2.21569,0.307609,0.0588609
133,44,8,0,0,-0.51081,-0.129151,-0.952932,-0.51081,-0.129151,-1,0.0670605,-0.0068804,-0.605855,0,0,0,0,0,0,0,0,0
135,40,9,0,0,0.257055,-0.226825,-0.951956,0.257055,-0.226825,-1,-0.0303066,0.113788,-0.259042,0,0,0,-0.489722,-0.211142,0.0217531,-1.47195,-0.599364,0.00581756
137,40,8,0,0,0.256459,-0.224676,-0.956059,0.240567,-0.240567,-1,-0.0293081,0.104203,-0.182149,0,0,0,-0.51437,-0.219334,0.0218277,-1.16101,-0.349526,0.0029125
137,117,9,0,0,0.279859,0.62068,-0.952483,0.279859,0.62068,-1,0.0290945,0.0150948,-0.497422,0,0,0,0,0,0,0,0,0
139,61,9,0,0,0.238065,0.0382055,-0.951959,0.238065,0.0382055,-1,0.0849387,0.027486,-0.619429,0,0,0,0,0,0,0,0,0
140,4,8,0,0,-0.14041,-0.620108,-0.951471,-0.14041,-0.620108,-1,-0.0145784,-0.0143632,-0.45369,0,0,0,0,0,0,0,0,0
140,105,9,0,0,0.252443,0.352685,-0.955815,0.252443,0.352685,-1,0.0946021,-0.0909392,-0.590041,0,0,0,0,0,0,0,0,0
143,15,8,0,0,-0.114518,-0.471768,-0.950062,-0.114518,-0.471768,-1,0.0038736,-0.00728205,-0.496531,0,0,0,0.134189,-0.0070107,0.025855,0.127928,-0.00668358,0.0246486
154,57,8,0,0,-0.211749,-0.132522,-0.952653,-0.211749,-0.132522,-1,0.145017,-0.0792651,-0.393606,0,0,0,0.0902156,0.165269,-0.0116311,-0.0400319,0.415732,-0.166561
155,26,8,0,0,-0.119291,-0.350147,-0.952222,-0.119291,-0.350147,-1,0.000420325,0.0183862,-0.517485,0,0,0,0.14954,-0.00781273,0.0288128,0.127928,-0.00668358,0.0246486
155,49,8,0,0,0.055045,-0.263422,-0.952407,0.055045,-0.263422,-1,0.0355129,-0.0925304,-0.501935,0,0,0,0,0,0,0,0,0
157,59,8,0,0,-0.169905,0.00984535,-0.95146,-0.169905,0.00984535,-1,-0.0317867,0.00627093,-0.681455,0,0,0,0,0,0,0,0,0
158,46,8,0,0,-0.431511,-0.211953,-0.95012,-0.431511,-0.211953,-1,0.161464,-0.242816,-0.401818,0,0,0,0.466272,0.451452,-0.0702885,3.77708,3.64031,-0.568251
159,13,8,0,0,-0.219155,-0.461937,-0.95152,-0.219155,-0.461937,-1,0.0885819,0.0113603,-0.53836,0,0,0,0,0,0,0,0,0
168,102,9,0,0,-0.284447,0.445898,-0.955579,-0.284447,0.445898,-1,-0.0264568,-0.0202991,-0.666739,0,0,0,0,0,0,0,0,0
173,108,9,0,0,0.525374,0.481085,-0.954731,0.525374,0.481085,-1,0.0262277,0.000627252,-0.566836,0,0,0,0,0,0,0,0,0
175,19,9,0,0,0.515664,-0.311464,-0.953617,0.515664,-0.311464,-1,0.0350499,-0.0163767,-0.524986,0,0,0,0.035178,-0.05072,-0.0126709,1.52649,-0.0497816,0.015922
178,23,8,0,0,-0.556597,-0.274286,-0.953391,-0.556597,-0.274286,-1,-0.0430319,0.0481537,-0.723503,0,0,0,0,0,0,0,0,0
181,85,9,0,0,0.216265,0.23676,-0.952491,0.216265,0.23676,-1,-0.165143,0.00515192,-0.460284,0,0,0,0.94357,-0.101166,-0.0600645,3.16232,0.266347,1.14595
184,22,8,0,0,-0.673277,-0.221127,-0.954146,-0.673277,-0.221127,-1,-0.0398243,0.0754746,-0.642132,0,0,0,0,0,0,0,0,0
184,63,9,0,0,0.280369,0.15603,-0.950395,0.280369,0.15603,-1,0.0742061,-0.138844,-0.621549,0,0,0,0.106136,0.0509567,0.139162,1.32783,0.508725,1.47873
185,64,9,0,0,0.539194,0.00603113,-0.951863,0.539194,0.00603113,-1,0.0319968,0.00326007,-0.629107,0,0,0,0,0,0,0,0,0
186,97,9,0,0,0.535663,0.210394,-0.951485,0.535663,0.210394,-1,0.0299266,-0.0804332,-0.786962,0,0,0,0,0,0,0,0,0
188,110,9,0,0,-0.599008,0.659669,-0.952038,-0.599008,0.659669,-1,0.000527419,0.0317387,-0.639878,0,0,0,0,0,0,0,0,0
194,0,8,0,0,-0.446317,-0.439033,-0.95572,-0.446317,-0.439033,-1,0.0792183,0.0829729,-0.731902,0,0,0,0,0,0,0,0,0
198,16,8,0,0,0.0387069,-0.350819,-0.953019,0.0387069,-0.350819,-1,-0.0426205,0.145052,-0.362261,0,0,0,-1.35509,-0.363736,-0.0304109,-2.35489,-0.553546,0.173335
200,193,9,0,0,0.12,0.12,-0.988956,0.12,0.12,-1,0.0266203,0.067196,0.0401938,0,0,0,0,0,0,0,0,0
200,131,8,0,0,0.6,-0.6,-0.958831,0.6,-0.6,-1,-0.0555784,0.0702273,0.0366014,0,0,0,0,0,0,0,0,0
200,131,9,0,0,0.6,-0.6,-0.958831,0.6,-0.6,-1,-0.0555784,0.0702273,0.0366014,0,0,0,0,0,0,0,0,0
204,221,8,0,0,-0.483825,0.478165,-0.952788,-0.483825,0.478165,-1,-0.145694,0.00695563,-0.56764,0,0,0,-0.00972385,0.0480405,0.0161335,0.200954,1.67515,0.32758
204,221,9,0,0,-0.483825,0.478165,-0.952788,-0.480995,0.480995,-1,-0.145694,0.00695563,-0.56764,0,0,0,-0.00972385,0.0480405,0.0161335,0.200954,1.67515,0.32758
204,82,9,0,0,0.16261,0.425585,-0.95443,0.16261,0.425585,-1,0.0797108,0.0909731,-0.689773,0,0,0,0,0,0,0,0,0
210,96,9,0,0,0.447158,0.347472,-0.954969,0.447158,0.347472,-1,-0.612032,-0.0893387,-0.708309,0,0,0,0.0320766,-0.155913,0.0397685,0.849295,-4.5492,1.06471
210,219,9,0,0,0.528261,0.363796,-0.950407,0.528261,0.363796,-1,-0.288366,0.106974,-0.136544,0,0,0,0.030956,-0.202589,0.0397685,0.85245,-4.41777,1.06471
211,106,9,0,0,0.204189,0.555678,-0.955084,0.204189,0.555678,-1,-0.0150871,0.0614902,-0.791879,0,0,0,1.16788,-0.244539,-0.175901,0.778291,-0.162964,-0.117222
212,17,8,0,0,0.0270895,-0.679916,-0.956201,0.0270895,-0.679916,-1,-0.329169,-0.336071,-0.724609,0,0,0,0.408288,-0.433051,-0.041776,3.56586,-3.73794,-0.492129
214,103,9,0,0,-0.220493,0.529584,-0.9533,-0.220493,0.529584,-1,-0.0469595,0.02317,-0.860277,0,0,0,0,0,0,0,0,0
215,18,8,0,0,0.405552,-0.490408,-0.953099,0.405552,-0.490408,-1,-0.450742,0.102782,-0.667904,0,0,0,-0.329364,-0.193416,0.297009,-1.83115,-6.59832,3.10975
217,41,9,0,0,0.42451,-0.359215,-0.955898,0.42451,-0.359215,-1,0.0967659,-0.056988,-0.62547,0,0,0,-0.259054,-0.128854,0.207372,-0.348999,2.04386,0.00203856
218,47,8,0,0,-0.440081,-0.080607,-0.950392,-0.440081,-0.080607,-1,-0.0909022,0.0167648,-0.868458,0,0,0,0.00263444,0.00171029,-0.000227201,0.0175629,0.0114019,-0.00151468
219,78,8,0,0,-0.376601,0.29878,-0.952294,-0.376601,0.29878,-1,0.0655944,0.18368,-0.536666,0,0,0,-0.292168,-0.0456086,-0.0117374,-0.793236,1.34055,0.457863
220,36,8,0,0,-0.0901692,-0.129841,-0.952121,-0.0901692,-0.129841,-1,0.135309,0.0696758,-0.285638,0,0,0,-0.643522,0.795958,0.115902,-0.678644,2.151,0.254487
222,8,8,0,0,0.364772,-0.691265,-0.957174,0.364772,-0.691265,-1,0.00214946,-0.0411102,-0.944333,0,0,0,0,0,0,0,0,0
225,65,9,0,0,0.74275,-0.0796696,-0.95286,0.74275,-0.0796696,-1,0.0634444,-0.0354087,-0.889254,0,0,0,0,0,0,0,0,0
227,95,9,0,0,0.23487,0.353701,-0.950219,0.23487,0.353701,-1,0.25793,-0.0875802,-0.37709,0,0,0,0.848501,0.713088,0.0262903,2.94755,3.31981,0.437325
230,119,9,0,0,0.682611,0.665913,-0.956935,0.682611,0.665913,-1,0.0880917,0.0286576,-0.887627,0,0,0,0,0,0,0,0,0
233,98,3,0,0,0.956846,0.351433,-0.95104,1,0.351433,-0.95104,0.97786,-0.0234764,0.00429355,0,0,0,0.00949642,0.395554,-7.49537e-12,0.0142372,0.59302,-3.05532e-12
238,204,9,0,0,0.165244,0.171216,-0.951187,0.165244,0.171216,-1,0.102232,-0.0904434,-0.207447,0,0,0,-0.862677,-0.982685,0.278685,-3.14047,-2.70578,0.763691
243,54,9,0,0,0.383043,0.0321887,-0.950785,0.383043,0.0321887,-1,-0.451881,0.0629345,-0.677728,0,0,0,0.042779,-0.63701,0.232641,-0.495513,-0.612305,-0.707961
248,60,8,0,0,-0.168775,-0.0572685,-0.952591,-0.168775,-0.0572685,-1,-0.126524,-0.161948,-0.263271,0,0,0,-0.237896,0.594674,-0.240696,-1.07974,1.17146,-0.969397
250,87,9,0,0,0.444831,0.103046,-0.955139,0.444831,0.103046,-1,-0.00345408,0.122522,-0.800309,0,0,0,-0.8812,1.1551,-0.739155,-0.999897,2.0108,-2.02805
255,91,9,0,0,-0.204625,0.257329,-0.950178,-0.204625,0.257329,-1,0.00306732,-0.0163596,-1.00743,0,0,0,-1.20548,0.0884658,-0.863144,-0.781978,0.0573863,-0.559908
255,114,9,0,0,-0.00654942,0.358521,-0.952483,-0.00654942,0.358521,-1,0.0444904,-0.0946977,-0.963257,0,0,0,0,0,0,0,0,0
257,91,8,0,0,-0.204577,0.257134,-0.967436,-0.230856,0.230856,-1,0.00172027,-0.00736732,-0.792849,0,0,0,-1.20939,0.0880289,-0.853093,-0.456652,-0.0551768,1.10993
257,9,8,0,0,0.463972,-0.759949,-0.959105,0.463972,-0.759949,-1,-0.000720829,-0.08321,-1.0034,0,0,0,1.16312,0.791926,0.493824,0.69271,0.471642,0.294103
258,198,8,0,0,-0.576813,0.202023,-0.951979,-0.576813,0.202023,-1,-0.0421104,-0.100249,-0.230574,0,0,0,0.158617,-0.201625,0.131819,0.848204,-1.07561,0.69494
258,20,8,0,0,0.337728,-0.611421,-0.953162,0.337728,-0.611421,-1,0.0552252,-0.238075,-0.803867,0,0,0,1.65827,0.801988,0.322929,4.05017,0.880878,-0.242737
263,150,8,0,0,0.194539,-0.316654,-0.950622,0.194539,-0.316654,-1,-0.124206,-0.0118968,-0.355052,0,0,0,-0.029666,-0.0220608,-0.35125,1.5618,0.152122,-0.912486
265,221,9,0,0,-0.495134,0.475415,-0.952196,-0.485275,0.485275,-1,-0.0105018,-0.00507518,-0.0607041,0,0,0,0.147063,-0.237016,-0.0406638,0.101343,-0.151231,0.0242723
266,2,8,0,0,-0.567452,-0.857777,-0.953026,-0.567452,-0.857777,-1,-0.0779896,-0.0969087,-1.03882,0,0,0,0,0,0,0,0,0
267,93,8,0,0,0.0401876,-0.0386017,-0.950704,0.0393947,-0.0393947,-1,0.0665732,-0.215171,-0.228944,0,0,0,0.163536,-1.61123,-0.21605,-0.190853,-1.55936,-0.557384
267,93,9,0,0,0.0401876,-0.0386017,-0.950704,0.0401876,-0.0386017,-1,0.0665732,-0.215171,-0.228944,0,0,0,0.163536,-1.61123,-0.21605,-0.190853,-1.55936,-0.557384
269,135,8,0,0,-0.366133,-0.484062,-0.950687,-0.366133,-0.484062,-1,-0.197501,-0.0149026,-0.60629,0,0,0,-0.710754,0.258833,-0.0588944,-1.11334,0.367733,-0.0857522
269,127,8,0,0,0.236194,-0.622721,-0.950734,0.236194,-0.622721,-1,0.070192,-0.103672,-0.180853,0,0,0,0.902427,-0.494936,0.390272,0.816514,-0.632221,0.777764
270,76,9,0,0,0.887428,-0.00838667,-0.952114,0.887428,-0.00838667,-1,0.411842,0.190919,-0.542751,0,0,0,-0.839643,1.34454,-0.0571911,-3.63004,5.85603,-0.252084
272,131,2,0,0,0.951361,-0.897429,-0.901503,1,-0.897429,-0.901503,0.488363,-0.413463,-0.0513199,0,0,0,-0.359966,-0.364091,0.0256936,-0.518019,-0.531866,0.0373786
274,113,9,0,0,-0.373587,0.726704,-0.952151,-0.373587,0.726704,-1,0.180491,0.379284,-0.406854,0,0,0,-0.769837,0.466808,0.0255807,-5.00961,2.97382,0.236051
274,40,8,0,0,0.254029,-0.253444,-0.950419,0.253736,-0.253736,-1,-0.0506363,-0.15332,-0.16311,0,0,0,-1.3191,-0.513172,0.0276959,-2.19867,-0.0687247,0.929809
275,177,8,0,0,-0.492319,-0.0132476,-0.950252,-0.492319,-0.0132476,-1,0.0431172,-0.162392,-0.370497,0,0,0,0.554334,0.473165,-0.147162,2.89951,2.19259,-0.575028
275,222,1,0,0,-0.387661,0.98425,0.0413015,-0.387661,1,0,-0.0366084,0.67883,-0.451082,0,0,0,3.30402,-0.081134,0.355578,4.40406,-0.108147,0.473964
275,70,9,0,0,0.160462,-0.0209692,-0.950928,0.160462,-0.0209692,-1,0.0399216,0.262328,-0.781493,0,0,0,-1.86084,1.67811,-0.195052,-3.7766,1.90828,-0.938435
277,221,9,0,0,-0.491559,0.47419,-0.95163,-0.482875,0.482875,-1,0.12981,-0.0323102,-0.0405394,0,0,0,0.12457,-0.266124,-0.0533333,-0.767156,-0.591419,-0.366177
277,28,8,0,0,-0.0692354,-0.210064,-0.950268,-0.0692354,-0.210064,-1,-0.128062,0.00970223,-0.421782,0,0,0,0.367164,-0.613786,-0.265255,-0.622949,1.30971,0.548566
277,39,8,0,0,0.152779,-0.49051,-0.950932,0.152779,-0.49051,-1,0.115466,-0.220747,-0.276747,0,0,0,2.3878,1.12251,-0.412894,2.95386,1.71692,-0.635391
278,94,9,0,0,-0.0260895,0.557636,-0.956815,-0.0260895,0.557636,-1,-0.0525502,0.0710921,-1.06815,0,0,0,0,0,0,0,0,0
280,81,8,0,0,-0.320554,0.0276957,-0.950583,-0.320554,0.0276957,-1,-0.109237,-0.297721,-0.567648,0,0,0,-1.61656,0.0686788,-1.08335,0.335636,2.88309,-1.71596
282,84,0,0,0,-0.173991,0.953852,-0.937705,-0.173991,1,-0.937705,-0.256029,0.673597,-0.917581,0,0,0,0.259241,0.0913198,-0.426404,3.1635,1.19305,-0.304702
282,163,9,0,0,0.440646,-0.210026,-0.951643,0.440646,-0.210026,-1,0.0654952,0.125627,-0.208675,0,0,0,-1.13812,-0.218809,0.73665,-1.36737,-0.650035,1.43624
284,84,9,0,0,-0.178902,0.964506,-0.955499,-0.178902,0.964506,-1,-0.241191,0.472726,-0.877246,0,0,0,0.32961,0.106411,-0.439697,3.66338,0.600311,-0.791535
285,220,8,0,0,-0.580886,0.524059,-0.952542,-0.580886,0.524059,-1,-0.0271866,0.182664,-0.35357,0,0,0,-0.0596435,0.321052,0.023681,-1.43908,0.293279,-0.15351
290,93,9,0,0,0.0422339,-0.0628735,-0.954771,0.0525537,-0.0525537,-1,-0.129053,0.100353,-0.370872,0,0,0,0.558312,-1.4573,-0.199198,2.30474,1.58036,-0.0194155
290,86,9,0,0,0.453861,0.285954,-0.953737,0.453861,0.285954,-1,0.0672191,0.0417707,-0.434812,0,0,0,-1.65131,-0.148596,-0.000700507,-1.75551,-2.6088,3.36802
290,75,9,0,0,0.647474,-0.104301,-0.956459,0.647474,-0.104301,-1,0.135981,-0.0140032,-0.719323,0,0,0,0.545612,0.0910836,-0.471712,-2.13318,-0.0271251,-3.41674
291,230,9,0,0,0.824635,0.513942,-0.954943,0.824635,0.513942,-1,0.0375774,-0.202155,-0.670199,0,0,0,-0.431921,1.99905,0.392039,-2.7877,2.12212,0.969292
292,76,3,0,0,0.95188,0.023157,-0.916817,1,0.023157,-0.916817,0.263965,0.129599,0.284419,0,0,0,-1.38162,2.432,-0.0738901,-2.30705,4.69863,-0.0434303
293,11,8,0,0,-0.822759,-0.587284,-0.956655,-0.822759,-0.587284,-1,-0.0760269,-0.0366156,-1.20494,0,0,0,0,0,0,0,0,0
293,131,7,0,0,0.918153,-0.950718,-0.915516,0.918153,-1,-0.915516,-0.316397,-0.214573,-0.0971378,0,0,0,-0.361579,-0.458569,0.473898,-3.09395e-07,-0.558443,2.52202
294,92,8,0,0,-0.239757,0.156454,-0.953623,-0.239757,0.156454,-1,0.115086,0.0243119,-0.515764,0,0,0,-0.846637,0.790254,-0.285667,-1.03203,2.65588,-0.586228
294,53,9,0,0,0.545365,-0.125798,-0.955482,0.545365,-0.125798,-1,-0.0700083,-0.0907797,-0.999805,0,0,0,-0.0697554,-0.308118,-0.375665,-0.348309,-1.59158,-1.93169
295,165,8,0,0,-0.562651,-0.101132,-0.95096,-0.562651,-0.101132,-1,0.127048,0.171826,-0.567145,0,0,0,-1.66343,1.05139,-0.280955,-3.75,2.28579,-1.10889
297,41,8,0,0,0.355558,-0.344485,-0.951183,0.350022,-0.350022,-1,-0.0080798,-0.0125642,-0.157818,0,0,0,0.152175,0.822635,0.39264,0.441027,1.84529,-1.18803
298,101,8,0,0,-0.563707,0.376202,-0.951599,-0.563707,0.376202,-1,0.00906648,-0.165828,-0.572712,0,0,0,0.670108,0.0691762,-0.105628,1.52038,0.156951,-0.239655
298,221,9,0,0,-0.471501,0.468359,-0.951144,-0.46993,0.46993,-1,-0.0207045,-0.0332462,-0.142301,0,0,0,0.11377,-0.161929,-0.0492805,-1.1869,2.75798,0.558438
299,116,0,0,0,-0.213235,0.952309,-0.762651,-0.213235,1,-0.762651,-0.225609,0.323818,-0.244955,0,0,0,1.21122,0.404306,-0.140358,3.14417,1.03892,-0.390985
299,120,9,0,0,0.908735,0.616921,-0.953558,0.908735,0.616921,-1,0.322535,0.254003,-0.698069,0,0,0,-0.478623,0.395012,0.166941,-2.80497,2.29554,0.998954
300,40,9,0,0,0.257238,-0.287471,-0.956938,0.272355,-0.272355,-1,0.17511,0.17298,-0.341727,0,0,0,-1.24668,-0.541111,0.0268317,-0.134447,0.0964383,-0.315063
302,24,8,0,0,-0.478986,-0.363194,-0.950703,-0.478986,-0.363194,-1,-0.189308,-0.0761217,-0.281313,0,0,0,-0.222411,1.3498,0.189899,-1.51533,-2.20685,0.923023
302,126,8,0,0,0.0769908,-0.539371,-0.952298,0.0769908,-0.539371,-1,-0.0443018,-0.0365411,-0.349419,0,0,0,0.202825,-0.592885,0.0185168,1.37035,-2.81623,-0.88694
303,80,9,0,0,-0.377279,0.494018,-0.951241,-0.377279,0.494018,-1,0.285807,0.229806,-0.772507,0,0,0,-2.30141,1.65069,0.493709,-2.44909,5.18965,1.15297
303,30,9,0,0,0.181757,-0.0837863,-0.952767,0.181757,-0.0837863,-1,-0.0433354,0.191498,-0.320568,0,0,0,-0.533933,-1.12962,0.266443,3.67854,0.111566,2.12315
303,51,9,0,0,0.243639,-0.164937,-0.951521,0.243639,-0.164937,-1,0.0394791,0.144154,-0.282721,0,0,0,-1.10203,-0.0924845,-0.0598774,-4.84107,-0.0830646,-1.04541
303,229,9,0,0,0.354799,0.330872,-0.95007,0.354799,0.330872,-1,-0.0602143,-0.0308355,-0.33514,0,0,0,-3.17661,2.70361,0.287811,0.588563,0.720405,0.697739
304,88,8,0,0,-0.806229,0.272431,-0.960886,-0.806229,0.272431,-1,-0.0678384,-0.0288055,-1.14951,0,0,0,0,0,0,0,0,0
305,134,8,0,0,-0.252962,-0.615583,-0.95107,-0.252962,-0.615583,-1,0.103405,-0.158026,-0.601003,0,0,0,-3.4675,-1.26206,0.574047,-3.96007,-1.44886,0.677161
307,38,8,0,0,0.0925914,-0.160783,-0.953074,0.0925914,-0.160783,-1,0.000100905,-0.198643,-0.48954,0,0,0,2.09,-0.598415,0.268642,1.46821,0.815391,2.12559
307,107,9,0,0,0.534196,0.689608,-0.950027,0.534196,0.689608,-1,-0.216061,0.0733825,-0.365523,0,0,0,-2.23152,-0.649728,-0.367531,-0.357135,-4.51486,-0.591564
308,136,8,0,0,-0.0310685,-0.560106,-0.950151,-0.0310685,-0.560106,-1,-0.026412,-0.290418,-0.268343,0,0,0,0.00245069,-0.692676,0.0908623,1.95452,0.395555,0.0633821
308,119,3,0,0,0.950531,0.758745,-0.925954,1,0.758745,-0.925954,0.49815,0.172744,-0.223175,0,0,0,-0.255844,-2.13287,-0.303698,-0.361628,-4.51197,-0.591728
313,121,8,0,0,-0.822036,-0.447837,-0.954929,-0.822036,-0.447837,-1,-0.20195,0.136159,-0.843322,0,0,0,1.81003,3.08939,-0.818909,1.60841,2.74525,-0.727689
315,192,9,0,0,0.0920962,0.226409,-0.952999,0.0920962,0.226409,-1,0.0800836,0.0925297,-0.522446,0,0,0,0,0,0,0,0,0
320,137,8,0,0,-0.00881041,-0.681782,-0.953445,-0.00881041,-0.681782,-1,0.0463204,-0.356094,-0.458803,0,0,0,0.586937,-0.0538893,-0.0509908,3.67576,0.214653,0.371049
321,152,9,0,0,0.442987,-0.290497,-0.954107,0.442987,-0.290497,-1,0.0822812,-0.0811101,-0.468907,0,0,0,0.00175543,0.388115,0.0929713,-0.580979,0.333215,0.294367
322,55,8,0,0,-0.57216,-0.201833,-0.955621,-0.57216,-0.201833,-1,-0.163011,-0.305603,-0.879964,0,0,0,0.140716,-1.26414,0.0174044,3.43592,-1.56304,-0.124179
323,115,9,0,0,-0.141397,0.6568,-0.953088,-0.141397,0.6568,-1,-0.0436166,0.0185725,-1.14039,0,0,0,-0.0246618,0.00488579,-4.09242e-06,-0.0251735,0.00498715,-4.18393e-06
323,93,9,0,0,0.059778,-0.01495,-0.950077,0.059778,-0.01495,-1,0.0995695,0.203216,-0.0613869,0,0,0,0.76019,-1.65921,-0.208446,0.951856,-0.730992,0.0591356
323,120,3,0,0,0.950834,0.651146,-0.894004,1,0.651146,-0.894004,0.148811,0.120932,0.403866,0,0,0,-0.919305,0.927156,0.188809,-1.61758,1.99009,0.0048083
325,12,8,0,0,-0.240257,-0.759616,-0.957488,-0.240257,-0.759616,-1,0.248691,-0.119288,-0.856797,0,0,0,2.00304,3.41882,-0.906232,1.60841,2.74525,-0.727689
327,79,9,0,0,-0.306368,0.309159,-0.950522,-0.306368,0.309159,-1,-0.0526385,0.245126,-0.161062,0,0,0,2.20327,-0.352969,-0.614108,1.60068,0.525679,0.0234678
335,1,8,0,0,-0.601938,-0.686994,-0.952528,-0.601938,-0.686994,-1,-0.0363993,-0.0259683,-1.19131,0,0,0,0,0,0,0,0,0
335,92,9,0,0,-0.19174,0.161826,-0.957693,-0.176783,0.176783,-1,0.172219,-0.0346896,-0.285912,0,0,0,-0.792474,0.431609,-0.355866,0.748445,-0.975273,0.072388
336,200,8,0,0,-0.330064,0.141631,-0.950236,-0.330064,0.141631,-1,-0.0473274,-0.118884,-0.309311,0,0,0,0.536763,-0.163093,0.180529,1.11949,-1.05695,0.744495
336,89,9,0,0,-0.264557,0.443132,-0.952121,-0.264557,0.443132,-1,0.0539378,0.100482,-0.216612,0,0,0,0.304593,1.9543,-0.417951,-0.971381,-0.246217,-0.390555
336,158,8,0,0,-0.136541,-0.152145,-0.950239,-0.136541,-0.152145,-1,0.0608873,0.0662675,-0.159153,0,0,0,-1.3084,-0.995677,-0.178309,-0.816992,-0.336976,-0.677025
337,179,8,0,0,-0.426817,-0.420758,-0.950244,-0.426817,-0.420758,-1,-0.097832,-0.339241,-0.512849,0,0,0,-2.68233,0.0846359,-0.135135,-0.534797,-0.790172,1.01328
338,143,8,0,0,-0.620232,-0.418583,-0.952423,-0.620232,-0.418583,-1,0.0138274,-0.175349,-0.856496,0,0,0,-2.08233,-0.245443,0.104402,-3.17115,-0.368682,0.153
340,170,8,0,0,0.0194817,-0.112332,-0.950307,0.0194817,-0.112332,-1,0.069147,0.0618047,-0.242936,0,0,0,-1.17789,1.93002,0.962245,-0.695645,-1.91548,0.608185
342,118,9,0,0,0.10598,0.815243,-0.952742,0.10598,0.815243,-1,0.011636,0.482645,-0.37024,0,0,0,-4.15612,-0.787756,0.138559,-4.60612,0.919599,-0.134639
343,41,8,0,0,0.36188,-0.346859,-0.951153,0.35437,-0.35437,-1,0.0116937,-0.00469851,-0.0659738,0,0,0,0.123982,0.919744,0.372838,0.00519146,0.174254,-0.00815775
346,33,8,0,0,-0.698791,-0.0792145,-0.955976,-0.698791,-0.0792145,-1,-0.167652,-0.0533764,-0.731738,0,0,0,-2.47073,0.520712,1.21073,1.84607,-1.41774,-0.485105
347,3,8,0,0,-0.529567,-0.157164,-0.950999,-0.529567,-0.157164,-1,-0.249258,0.0548576,-0.213432,0,0,0,-3.16103,-1.01927,0.645816,0.491951,-0.239258,0.683507
347,21,8,0,0,0.604695,-0.576272,-0.954384,0.590483,-0.590483,-1,0.0079783,-0.0511508,-0.0810362,0,0,0,1.01692,0.15427,0.112611,0.594911,0.0924564,9.17252e-05
349,189,8,0,0,-0.424719,0.190468,-0.951877,-0.424719,0.190468,-1,0.0508972,0.0571184,-0.194033,0,0,0,-0.194758,1.70093,-0.324491,0.348398,2.37791,0.434446
350,226,9,0,0,0.257302,0.384205,-0.952659,0.257302,0.384205,-1,0.0221615,0.0954439,-0.347802,0,0,0,-0.290977,0.209901,-0.0841685,-1.25315,-0.0973982,0.027687
356,43,8,0,0,0.503553,-0.529502,-0.952313,0.503553,-0.529502,-1,0.214999,0.121967,-0.438681,0,0,0,0.887976,1.56813,-0.446799,-2.83528,3.06387,-0.0197099
357,43,9,0,0,0.505571,-0.528304,-0.956254,0.516937,-0.516937,-1,0.201799,0.119823,-0.394116,0,0,0,0.864673,1.59598,-0.447071,-2.33031,2.78525,-0.0272151
359,182,9,0,0,0.178258,0.220386,-0.950678,0.178258,0.220386,-1,-0.122791,-0.0387157,-0.185919,0,0,0,1.4731,-1.95865,-0.455183,1.06926,-0.423076,0.775049
361,224,8,0,0,-0.342352,0.274818,-0.954123,-0.342352,0.274818,-1,-0.187355,-0.150003,-0.8576,0,0,0,-3.80066,0.610789,1.00477,-1.32479,-0.0779203,0.931628
363,17,6,0,0,-0.239349,-0.950174,-0.66174,-0.239349,-1,-0.66174,-0.17261,-0.175082,-0.0611282,0,0,0,4.37555,-4.34634,-0.077901,2.58951,-2.55291,-0.0168225
363,211,9,0,0,-0.229339,0.260072,-0.952011,-0.229339,0.260072,-1,0.119151,-0.0515855,-0.26948,0,0,0,0.765071,-0.429235,-1.21539,1.69975,-1.14391,-0.391284
364,104,9,0,0,-0.0878221,0.86143,-0.953179,-0.0878221,0.86143,-1,0.11339,0.247387,-0.893943,0,0,0,-4.21322,1.45565,0.240926,-3.32011,1.71324,0.709111
365,211,8,0,0,-0.227261,0.258995,-0.95628,-0.243128,0.243128,-1,0.0974735,-0.0544805,-0.189548,0,0,0,0.786222,-0.431121,-1.22072,0.79192,0.316658,-0.208783
365,142,9,0,0,0.709601,-0.623709,-0.950376,0.709601,-0.623709,-1,0.121961,-0.155239,-0.356901,0,0,0,0.783223,0.133826,0.780904,1.16566,0.389143,0.695147
366,35,8,0,0,-0.30008,-0.108095,-0.952487,-0.30008,-0.108095,-1,0.124596,-0.0891849,-0.376275,0,0,0,-0.312276,-0.0340202,-0.242835,-0.736683,-0.780219,-0.938804
377,48,8,0,0,0.0605683,-0.42384,-0.950496,0.0605683,-0.42384,-1,0.0149918,-0.149459,-0.174921,0,0,0,-0.067865,1.70977,0.0855459,2.28923,-0.875282,-0.715252
378,144,8,0,0,-0.556597,-0.274286,-0.953391,-0.556597,-0.274286,-1,-0.0430319,0.0481537,-0.723503,0,0,0,0,0,0,0,0,0
378,73,9,0,0,-0.202164,0.549539,-0.95095,-0.202164,0.549539,-1,0.0484741,0.321319,-0.490941,0,0,0,-3.08469,-6.22304,1.50252,-3.84015,1.46961,0.85867
379,20,6,0,0,0.169783,-0.951643,-0.906164,0.169783,-1,-0.906164,-0.16277,-0.28788,0.166926,0,0,0,1.24077,2.21501,0.283623,1.70441,-0.963608,1.89694e-05
380,145,8,0,0,-0.656559,-0.625643,-0.951732,-0.656559,-0.625643,-1,-0.226725,-0.568942,-0.373797,0,0,0,3.61243,1.47604,-1.48562,4.60169,1.25084,-0.376269
381,45,8,0,0,-0.411185,0.0206291,-0.950624,-0.411185,0.0206291,-1,0.0662259,0.0927655,-0.260821,0,0,0,-0.276586,1.82131,0.177592,0.892275,1.12106,0.204788
381,27,8,0,0,-0.332682,-0.446585,-0.95091,-0.332682,-0.446585,-1,-0.0679534,-0.0329997,-0.194092,0,0,0,-3.10453,-1.19867,-0.399898,-1.47579,-2.31732,0.354971
383,36,9,0,0,-0.0744197,0.0560209,-0.952597,-0.0652203,0.0652203,-1,-0.0478838,0.208729,-0.0997224,0,0,0,-1.02559,1.65769,0.0934999,-0.0455779,-0.0228889,-0.0316759
383,118,0,0,0,0.111758,0.952014,-0.894951,0.111758,1,-0.894951,0.013776,0.317598,0.126651,0,0,0,-6.66322,-0.667857,0.121225,-6.27553,0.272204,-0.0353182
383,227,9,0,0,0.282282,0.121747,-0.955715,0.282282,0.121747,-1,0.0313415,-0.227343,-0.802388,0,0,0,-5.33366,-1.65809,0.276357,-3.45561,-1.07425,0.179048
386,181,8,0,0,-0.0386988,-0.0347724,-0.950693,-0.0386988,-0.0347724,-1,-0.0152502,-0.0579395,-0.617522,0,0,0,-0.747231,-1.55256,-0.0966265,-0.214012,-0.508228,0.0204029
386,185,9,0,0,0.539338,0.069303,-0.951397,0.539338,0.069303,-1,0.0820668,0.210973,-0.504063,0,0,0,-0.325257,0.557386,0.123355,-2.36269,0.586641,0.309305
386,21,8,0,0,0.612852,-0.603619,-0.950527,0.608236,-0.608236,-1,0.0212859,-0.0688996,-0.00634027,0,0,0,1.02947,0.160694,0.116664,0.299977,0.0924939,-0.000310737
386,62,3,0,0,0.951678,0.39382,-0.83664,1,0.39382,-0.83664,0.444715,0.2598,-0.0428045,0,0,0,-1.90791,4.23896,0.572723,-1.68957,2.7896,0.509861
389,153,2,0,0,0.951635,-0.366964,-0.521137,1,-0.366964,-0.521137,0.192457,-0.0067763,-0.170522,0,0,0,-2.89446,-3.32366,3.59773,-1.54649,-1.8032,1.93077
390,184,9,0,0,0.516921,-0.0564514,-0.950221,0.516921,-0.0564514,-1,0.0682916,0.0560436,-0.28193,0,0,0,-1.42934,-1.93918,-0.337312,-2.09983,0.628662,0.173743
394,220,9,0,0,-0.586722,0.581647,-0.952863,-0.584184,0.584184,-1,0.0159117,-0.0510254,-0.372788,0,0,0,-0.902536,0.185272,0.0293764,-0.397091,-0.184377,0.037393
397,203,9,0,0,0.156011,0.539332,-0.951405,0.156011,0.539332,-1,0.139168,0.141077,-0.601748,0,0,0,-1.54311,-0.613174,-0.776691,1.60333,2.29347,-0.177749
401,79,8,0,0,-0.359097,0.364361,-0.950221,-0.361729,0.361729,-1,-0.0769686,-0.0016807,-0.0682432,0,0,0,1.73513,-0.157519,-0.415357,-0.581838,0.59375,0.807861
402,187,8,0,0,-0.723176,0.279525,-0.950043,-0.723176,0.279525,-1,-0.0588142,0.140419,-0.251642,0,0,0,-0.302203,-0.51876,-0.23617,-0.88817,0.0472956,0.302739
403,157,8,0,0,-0.211621,-0.109677,-0.952774,-0.211621,-0.109677,-1,-0.0425913,0.0103168,-0.429663,0,0,0,0.0382977,1.07082,0.449443,-1.16754,2.53929,0.563823
411,180,8,0,0,-0.273355,0.126609,-0.950123,-0.273355,0.126609,-1,-0.00423661,0.128808,-0.151836,0,0,0,-3.51204,-2.47721,1.22609,-1.37017,0.761712,1.57441
416,223,9,0,0,-0.272026,0.332232,-0.951266,-0.272026,0.332232,-1,0.0424773,0.0359603,-0.338125,0,0,0,1.02905,0.173274,-0.0747313,-1.35174,0.037276,0.00168342
417,41,8,0,0,0.364145,-0.346593,-0.951833,0.355369,-0.355369,-1,-0.0175191,0.00165696,-0.0911098,0,0,0,0.131676,0.947396,0.370396,0.777489,0.0877809,-0.141657
419,2,6,0,0,-0.641753,-0.950102,-0.452753,-0.641753,-1,-0.452753,-0.0479776,-0.0596163,0.0810932,0,0,0,1.24275,-1.00014,0,0.811177,-0.652814,0
419,112,6,0,0,-0.278868,-0.954505,-0.905162,-0.278868,-1,-0.905162,0.0338128,-0.60878,-0.464672,0,0,0,9.23689,1.63716,-1.38245,4.9291,1.12797,-0.476309
422,52,8,0,0,0.146913,-0.535382,-0.950888,0.146913,-0.535382,-1,0.0851244,-0.120697,-0.233786,0,0,0,0.985814,-1.2138,-0.867728,0.675817,0.89986,-0.109437
423,36,9,0,0,-0.0845196,0.105904,-0.950763,-0.0845196,0.105904,-1,0.0476634,0.0753763,-0.0970037,0,0,0,-1.21316,1.5868,0.127594,0.213635,-0.136608,0.47357
423,214,9,0,0,0.0630926,0.185468,-0.950737,0.0630926,0.185468,-1,-0.0369402,0.00298503,-0.310432,0,0,0,-0.385132,-0.397529,-0.0780604,-1.24066,-1.12538,-1.43021
426,210,9,0,0,-0.415547,0.471453,-0.952108,-0.415547,0.471453,-1,0.132133,0.109488,-0.286973,0,0,0,-0.122448,0.785895,0.0249504,-1.51425,2.57489,0.0596948
430,240,9,0,0,0.682611,0.665913,-0.956935,0.682611,0.665913,-1,0.0880917,0.0286576,-0.887627,0,0,0,0,0,0,0,0,0
433,139,8,0,0,0.385856,-0.452989,-0.951964,0.385856,-0.452989,-1,-0.0515888,0.0263598,-0.307213,0,0,0,-0.76374,-0.344401,0.0952999,0.141936,-0.47713,-0.0840101
433,217,9,0,0,0.597309,0.343356,-0.951869,0.597309,0.343356,-1,0.400989,-0.0201839,-0.292039,0,0,0,0.128618,1.93375,0.078456,0.418071,5.40206,0.1381
433,186,9,0,0,0.70586,-0.113115,-0.952159,0.70586,-0.113115,-1,-0.0532883,-0.318316,-0.484435,0,0,0,0.675738,-0.912114,0.0903851,5.90895,-1.70166,-0.0640637
433,75,3,0,0,0.951545,-0.0393218,-0.653601,1,-0.0393218,-0.653601,0.303902,0.0542796,-0.0651287,0,0,0,0.660405,-3.37928,0.440372,0.138303,-3.67337,0.772613
434,112,8,0,0,-0.275566,-0.932027,-0.950641,-0.275566,-0.932027,-1,0.0170671,0.3976,-0.262485,0,0,0,8.83665,1.64759,-1.41935,-3.79956,-0.00677348,-0.272412
434,216,9,0,0,0.193282,0.455571,-0.951763,0.193282,0.455571,-1,-0.00683345,-0.0557097,-0.246013,0,0,0,0.816182,-0.385988,-0.705482,3.23274,0.231037,-0.406927
436,170,9,0,0,0.0608018,-0.0775052,-0.953007,0.0691535,-0.0691535,-1,-0.0447476,0.143443,-0.166914,0,0,0,-1.39194,1.71734,0.852051,1.23063,0.297726,-1.32113
437,7,8,0,0,0.0161501,-0.166003,-0.951177,0.0161501,-0.166003,-1,-0.0219276,0.0634422,-0.414518,0,0,0,-3.0216,-0.845336,0.635847,2.70944,-0.543484,-0.123192
437,238,9,0,0,0.563813,0.804506,-0.953124,0.563813,0.804506,-1,0.166875,0.122437,-0.370858,0,0,0,-1.62828,4.49158,-0.453689,-1.02291,3.47006,-0.383827
439,175,9,0,0,0.435871,-0.00725703,-0.952856,0.435871,-0.00725703,-1,-0.146104,-0.161672,-0.610251,0,0,0,0.314766,-0.114874,-0.0604261,4.25398,-1.27532,-0.817153
440,205,9,0,0,0.247205,0.2129,-0.951856,0.247205,0.2129,-1,-0.0702145,-0.0540792,-0.19749,0,0,0,0.277367,1.34948,-1.38446,1.13632,-0.931096,-0.805995
443,140,9,0,0,0.38131,-0.197891,-0.950743,0.38131,-0.197891,-1,0.0292451,0.0176754,-0.205439,0,0,0,3.95472,-1.71554,-0.720507,-0.0485805,0.249605,0.07501
445,8,6,0,0,0.378347,-0.950908,-0.938941,0.378347,-1,-0.938941,0.0141365,-0.270373,-0.682359,0,0,0,-2.50701,-0.13108,1.30667e-15,-3.20984,-0.167828,1.45577e-15
452,211,8,0,0,-0.236781,0.247772,-0.951175,-0.242277,0.242277,-1,-0.155344,0.0197197,-0.152252,0,0,0,0.814861,0.436194,-0.970503,0.141977,1.26103,0.0463015
452,137,6,0,0,0.0243778,-0.951618,-0.869209,0.0243778,-1,-0.869209,0.0246417,-0.200374,-0.163049,0,0,0,5.11311,0.496779,0.00766039,3.38968,0.414243,0.0381917
452,206,9,0,0,0.506095,0.614957,-0.955888,0.506095,0.614957,-1,-0.0475815,0.257372,-0.649881,0,0,0,3.35291,-0.0384937,1.19338,2.67731,2.20287,-0.531471
456,145,6,0,0,-0.77161,-0.95232,-0.88555,-0.77161,-1,-0.88555,-0.147415,-0.421158,-0.0227412,0,0,0,7.68558,0.165937,-1.55961,5.42385,-1.83332,-0.0853788
456,92,9,0,0,-0.171917,0.148558,-0.954062,-0.160237,0.160237,-1,0.0193111,0.00241739,-0.169811,0,0,0,-0.00958828,0.60144,-0.401006,-0.0955674,0.418482,-0.000374139
456,170,9,0,0,0.0491972,-0.058522,-0.952578,0.0538596,-0.0538596,-1,-0.124961,0.290824,-0.323345,0,0,0,-1.39052,1.70498,0.830558,4.00583,2.87031,0.0166426
459,33,4,0,0,-0.951472,0.0885356,-0.86175,-1,0.0885356,-0.86175,-0.23329,0.162475,-0.101114,0,0,0,-1.33265,1.19188,0.918929,1.08721,0.71306,-0.271764
459,197,9,0,0,0.805703,-0.0579656,-0.96042,0.805703,-0.0579656,-1,0.0794221,-0.0687126,-1.07304,0,0,0,0,0,0,0,0,0
462,79,8,0,0,-0.367224,0.371239,-0.950083,-0.369232,0.369232,-1,0.00654243,0.0112548,-0.0124216,0,0,0,1.65478,-0.245593,-0.383775,-0.105679,0.0499497,-0.00238999
464,116,9,0,0,-0.232416,0.885134,-0.950087,-0.232416,0.885134,-1,0.0678499,-0.0440727,-0.298058,0,0,0,2.20998,0.279254,-1.24931,-0.0689548,1.15466,-0.464362
464,62,9,0,0,0.756156,0.489528,-0.951685,0.756156,0.489528,-1,-0.288616,0.116165,-0.292679,0,0,0,-1.94393,4.03791,-0.343593,-0.00583523,-0.303603,-1.14501
466,123,8,0,0,-0.567452,-0.857777,-0.953026,-0.567452,-0.857777,-1,-0.0779896,-0.0969087,-1.03882,0,0,0,0,0,0,0,0,0
466,148,8,0,0,-0.279516,-0.492291,-0.952973,-0.279516,-0.492291,-1,-0.0470838,-0.240681,-0.33426,0,0,0,0.412472,-0.827676,-0.122838,3.04499,0.247295,-1.45297
467,191,8,0,0,0.116744,-0.143108,-0.953667,0.116744,-0.143108,-1,0.142759,0.0241982,-0.420363,0,0,0,0.38055,0.499817,-0.0996431,-0.145142,1.53499,-1.26147
467,191,9,0,0,0.116744,-0.143108,-0.953667,0.129926,-0.129926,-1,0.142759,0.0241982,-0.420363,0,0,0,0.38055,0.499817,-0.0996431,-0.145142,1.53499,-1.26147
467,61,8,0,0,0.286771,-0.400136,-0.951287,0.286771,-0.400136,-1,0.0550406,0.0110407,-0.180047,0,0,0,2.84696,2.20642,-0.0744402,-0.953864,0.974295,-0.294087
467,139,9,0,0,0.398584,-0.424909,-0.954189,0.411746,-0.411746,-1,0.0924858,0.160485,-0.054066,0,0,0,-0.709962,-0.654384,0.0702749,-0.465358,-0.112738,-0.048849
468,202,8,0,0,-0.229088,0.0645333,-0.950206,-0.229088,0.0645333,-1,0.124802,0.165456,-0.483277,0,0,0,-1.76426,0.413623,-0.899361,-3.43245,1.81128,-0.438398
470,228,9,0,0,0.589046,0.483844,-0.950108,0.589046,0.483844,-1,-0.0267023,-0.226319,-0.349331,0,0,0,1.0954,0.0673113,0.0113569,3.85874,-2.66056,0.772882
472,207,9,0,0,0.476234,0.25297,-0.951374,0.476234,0.25297,-1,0.0515581,0.293631,-0.778263,0,0,0,-1.22578,1.13922,-0.58157,-5.60542,1.479,-0.176357
473,129,8,0,0,0.319736,-0.499464,-0.954357,0.319736,-0.499464,-1,-0.111757,0.0314441,-0.580276,0,0,0,-1.59086,-0.333829,-0.0274531,-0.214209,0.516122,0.0152662
473,65,8,0,0,0.544122,-0.688002,-0.951986,0.544122,-0.688002,-1,0.0329077,-0.210245,-0.347612,0,0,0,1.03473,-1.41569,-0.222489,0.432845,-4.53553,0.5793
476,188,8,0,0,-0.546542,-0.0351297,-0.955404,-0.546542,-0.0351297,-1,-0.300041,-0.0434118,-0.635894,0,0,0,0.450469,-1.39005,0.319189,1.88776,-4.3443,3.62247
476,9,7,0,0,0.538453,-0.951338,-0.510959,0.538453,-1,-0.510959,0.0619317,-0.193046,-0.259278,0,0,0,-0.390394,0.774014,0.698396,-2.31565,-0.416975,0.238457
476,53,3,0,0,0.950973,-0.195571,-0.944647,1,-0.195571,-0.944647,0.16344,-0.0283039,-0.0229538,0,0,0,-0.0963143,-2.91106,-0.53092,0.224894,1.30149,0.000651724
477,169,8,0,0,-0.0691029,-0.361384,-0.953303,-0.0691029,-0.361384,-1,-0.306537,0.0690319,-0.521442,0,0,0,0.342345,0.498263,-0.187849,0.776232,-2.27562,-0.772585
480,92,9,0,0,-0.165105,0.15117,-0.951105,-0.158138,0.158138,-1,0.0361498,0.0569215,-0.0385815,0,0,0,0.00870363,0.462073,-0.445653,0.00751025,-0.91334,-0.467417
480,18,9,0,0,0.449317,-0.27515,-0.950499,0.449317,-0.27515,-1,-0.0290532,-0.0974027,-0.182935,0,0,0,0.68824,-9.02822,3.19631,0.717638,-1.38636,0.290475
482,232,8,0,0,-0.596502,0.362069,-0.950588,-0.596502,0.362069,-1,-0.0477289,-0.0158458,-0.161348,0,0,0,0.946223,0.427673,0.269839,-0.199854,0.0309363,-0.240522
482,178,9,0,0,-0.265017,0.561667,-0.950954,-0.265017,0.561667,-1,0.169515,0.11935,-0.267096,0,0,0,6.37287,-2.10507,-0.416779,1.21348,1.4905,-0.122481
484,167,8,0,0,-0.525596,-0.180578,-0.950133,-0.525596,-0.180578,-1,-0.0519231,-0.154253,-0.246893,0,0,0,-3.31286,-2.56476,-1.39725,-0.9556,-2.74591,0.792335
485,166,8,0,0,-0.600504,-0.114627,-0.951181,-0.600504,-0.114627,-1,-0.0828046,-0.131873,-0.29633,0,0,0,-0.00524635,0.0101702,0.108212,0.0308513,0.756553,-0.263483
485,42,3,0,0,0.951053,0.360953,-0.948114,1,0.360953,-0.948114,0.105481,0.0539775,0.0216698,0,0,0,-3.13497,5.43109,1.6129,-1.04518,2.04245,0.0712286
490,237,9,0,0,-0.109422,0.846682,-0.950983,-0.109422,0.846682,-1,0.239495,0.023745,-0.811191,0,0,0,0.135693,0.637643,0.00115136,0.989365,4.66941,0.0198105
491,234,9,0,0,-0.408926,0.748898,-0.951255,-0.408926,0.748898,-1,-0.0526122,0.251967,-0.187736,0,0,0,-0.461307,0.134344,0.241532,-1.75614,0.0786801,0.538173
492,195,9,0,0,0.277506,0.0927699,-0.952872,0.277506,0.0927699,-1,0.0153273,-0.024597,-0.653585,0,0,0,-0.340639,-0.0295018,0.0802136,0.82206,0.393145,0.203298
493,132,8,0,0,-0.816412,-0.590825,-0.951471,-0.816412,-0.590825,-1,0.0813173,-0.124443,-1.0737,0,0,0,0.0632657,0.0753065,0.00646499,1.67513,2.13953,0.168725
493,241,9,0,0,0.866002,0.575536,-0.955562,0.866002,0.575536,-1,0.0907857,-0.00834942,-1.09367,0,0,0,0,0,0,0,0,0
494,125,8,0,0,-0.103628,-0.616237,-0.950534,-0.103628,-0.616237,-1,-0.030318,-0.0511136,-0.165347,0,0,0,-0.600207,0.534884,-0.598683,0.122766,-0.121895,-0.00703086
494,218,9,0,0,0.555497,0.120981,-0.953434,0.555497,0.120981,-1,0.209885,0.020002,-0.594141,0,0,0,1.93053,-2.30809,-0.101645,-0.387089,-3.4837,-0.294196
496,133,8,0,0,-0.537782,-0.569991,-0.954532,-0.537782,-0.569991,-1,-0.199703,0.179813,-0.489727,0,0,0,-1.46139,0.226958,-0.158629,-3.18903,-3.7397,-0.770414
499,194,9,0,0,0.162035,0.151982,-0.950552,0.162035,0.151982,-1,0.0382131,-0.166924,-0.194663,0,0,0,0.593698,0.0459135,0.0229954,1.11081,0.32741,-0.103914
501,146,8,0,0,-0.182843,-0.207782,-0.953514,-0.182843,-0.207782,-1,-0.216107,-0.0195212,-0.611862,0,0,0,-0.477861,-0.141763,-0.138518,1.60976,-3.29785,-0.613402
502,149,8,0,0,0.0273649,-0.303744,-0.951059,0.0273649,-0.303744,-1,0.0206093,-0.134811,-0.216027,0,0,0,0.931479,0.219766,0.0156552,1.91468,0.368858,0.0637855
504,231,8,0,0,-0.698776,0.641757,-0.951307,-0.698776,0.641757,-1,-0.167532,0.0710359,-0.195912,0,0,0,0.488766,-0.947328,0.0340412,-0.742299,-1.15279,-0.192506
504,104,0,0,0,-0.0333677,0.950406,-0.52289,-0.0333677,1,-0.52289,0.0363614,0.0580678,0.0866307,0,0,0,-5.13082,2.59864,0.249794,-0.599385,0.838254,-5.47173e-06
504,104,1,0,0,-0.0333677,0.950406,-0.52289,-0.0358501,1,-0.517925,0.0363614,0.0580678,0.0866307,0,0,0,-5.13082,2.59864,0.249794,-0.599385,0.838254,-5.47173e-06
508,215,9,0,0,-0.0697994,0.559907,-0.954376,-0.0697994,0.559907,-1,-0.119204,-0.069553,-0.607755,0,0,0,-0.970719,-1.14281,0.401368,0.595462,-1.8269,0.0736566
509,143,4,0,0,-0.95058,-0.542436,-0.951757,-1,-0.542436,-0.951757,-0.231499,0.00926298,0.0763108,0,0,0,-1.86724,-0.579412,-0.0596848,-0.0196961,-0.671223,0.0023499
509,92,9,0,0,-0.162218,0.161369,-0.951305,-0.161793,0.161793,-1,0.0634775,0.199917,-0.309123,0,0,0,-0.0561996,0.400714,-0.485724,-0.420936,-0.558398,-0.596198
511,88,5,0,0,-0.950987,0.210964,-0.248108,-1,0.210964,-0.248108,-0.14373,-0.0610304,-0.0524054,0,0,0,-0.0135604,0.0319356,3.32187e-16,-0.515163,1.21324,4.60945e-16
511,34,8,0,0,-0.333762,-0.114261,-0.950958,-0.333762,-0.114261,-1,0.0121702,-0.0222981,-0.2573,0,0,0,-1.08423,-0.983182,-0.797239,-0.2224,1.65344,-1.22678
512,156,8,0,0,-0.297724,-0.208921,-0.951564,-0.297724,-0.208921,-1,-0.0444244,-0.101754,-0.571193,0,0,0,0.783404,-0.430468,-0.028955,0.568088,0.428307,-0.361305
513,239,9,0,0,0.158293,0.543912,-0.956279,0.158293,0.543912,-1,-0.0570717,0.223226,-0.913678,0,0,0,-0.227491,0.0110651,0.00578779,-4.44542,0.13291,0.0822018
514,153,9,0,0,0.805645,-0.38895,-0.954411,0.805645,-0.38895,-1,-0.125934,-0.0174673,-0.581537,0,0,0,-3.41226,-6.17576,4.16722,-0.386365,-2.28246,0.440762
517,128,8,0,0,-0.0068399,-0.459417,-0.951696,-0.0068399,-0.459417,-1,0.000837706,0.0433006,-0.171194,0,0,0,-0.00800448,0.0620368,-0.18126,-1.0681,-0.229301,-0.323224
517,196,9,0,0,0.801915,-0.0347553,-0.951473,0.801915,-0.0347553,-1,0.484966,-0.00861514,-0.187282,0,0,0,0.348329,0.699522,-0.0142338,0.886947,1.46765,1.24262
519,139,9,0,0,0.431585,-0.382404,-0.951205,0.431585,-0.382404,-1,0.0864381,-0.00605914,-0.124363,0,0,0,-0.994756,-0.476766,0.0890496,0.472775,0.168726,0.271403
521,124,8,0,0,-0.383231,-0.40923,-0.951277,-0.383231,-0.40923,-1,0.00832254,-0.0765942,-0.150747,0,0,0,0.379726,0.0215445,-0.207336,0.670408,0.133076,-0.381881
523,151,8,0,0,0.172083,-0.190001,-0.950473,0.172083,-0.190001,-1,-0.0513452,-0.005201,-0.180488,0,0,0,0.2315,0.081604,0.258933,-0.529378,-0.299476,0.333798
524,151,9,0,0,0.171597,-0.190028,-0.952142,0.180813,-0.180813,-1,-0.0485666,-0.0027816,-0.166904,0,0,0,0.228744,0.0779712,0.261434,-0.275613,-0.363281,0.250065
526,235,9,0,0,0.0215354,0.310115,-0.950388,0.0215354,0.310115,-1,0.0637605,0.0569857,-0.206587,0,0,0,0.501952,0.297069,-0.597956,-1.52763,0.761367,-0.92387
526,43,9,0,0,0.563489,-0.576511,-0.95096,0.57,-0.57,-1,0.0461162,-0.00204801,-0.0191087,0,0,0,1.51217,1.88795,-0.372188,0.0300632,0.676955,-2.93539e-07
527,130,8,0,0,0.329653,-0.860958,-0.951629,0.329653,-0.860958,-1,-0.0749864,-0.311388,-0.170622,0,0,0,1.08765,-1.36985,-0.605169,3.05229,-1.09842,-1.6591
529,138,6,0,0,-0.103022,-0.951148,-0.726507,-0.103022,-1,-0.726507,-0.136081,-0.248349,-0.0878984,0,0,0,1.79675,-4.41788,-0.277987,1.46971,-3.53153,-0.187174
530,225,9,0,0,-0.156735,0.540307,-0.955148,-0.156735,0.540307,-1,0.0871993,0.0161271,-0.518844,0,0,0,0.279271,0.201832,-0.0850534,-1.19574,1.87363,-0.432145
534,159,9,0,0,0.0768893,-0.0298346,-0.95064,0.0768893,-0.0298346,-1,0.0466048,-0.00874083,-0.129777,0,0,0,0.00533566,-0.262908,0.29946,-0.630257,0.946962,0.207956
541,122,8,0,0,-0.585955,-0.654148,-0.951342,-0.585955,-0.654148,-1,0.143667,0.316112,-0.514201,0,0,0,-0.701407,0.348694,0.00938621,-6.59699,3.28411,0.0833129
542,179,6,0,0,-0.508234,-0.950862,-0.91478,-0.508234,-1,-0.91478,-0.0466821,-0.165352,0.0496758,0,0,0,-1.23605,-0.414917,-0.0977293,1.87633,-0.529734,0.0011916
543,43,9,0,0,0.569352,-0.576931,-0.950398,0.573142,-0.573142,-1,0.0308115,-0.00232122,-0.0100583,0,0,0,1.51958,1.99084,-0.370566,0.0455426,0.604074,0.0080416
547,190,8,0,0,-0.607842,-0.00947777,-0.952231,-0.607842,-0.00947777,-1,-0.354562,0.355054,-0.301651,0,0,0,-1.62734,-1.95602,0.707646,-5.95614,-6.48188,0.730898
549,110,0,0,0,-0.577907,0.950151,-0.951073,-0.577907,1,-0.951073,0.00616834,0.0726745,0.0249291,0,0,0,0.063846,-0.18523,-0.0420432,-1.45444,0.123447,-1.86695e-06
554,196,3,0,0,0.951896,-0.0387022,-0.934019,1,-0.0387022,-0.934019,0.39517,-0.0107137,0.014215,0,0,0,0.414545,1.64368,0.0940685,0.130429,2.66787,0.214899
556,22,4,0,0,-0.950666,-0.164081,-0.938312,-1,-0.164081,-0.938312,-0.149801,0.0093244,0.0793414,0,0,0,-2.28727,0.922951,-0.0970515,-0.13778,-2.39854,-0.0979692
565,36,8,0,0,-0.0998219,0.11012,-0.950537,-0.104971,0.104971,-1,-0.0307437,-0.0129349,0.00159536,0,0,0,-1.23758,1.59816,0.134021,0.19353,-0.460098,-0.0234601
565,130,6,0,0,0.306615,-0.951639,-0.936681,0.306615,-1,-0.936681,-0.0586497,-0.229844,-0.000304675,0,0,0,2.6026,-1.76367,-0.89403,4.08912,-1.04476,-0.673719
576,237,0,0,0,-0.121459,0.950908,-0.72087,-0.121459,1,-0.72087,-0.0378678,0.140171,0.164931,0,0,0,0.949564,1.86736,-0.171413,1.11192,1.39618,-0.227196
577,208,9,0,0,0.445427,-0.0937214,-0.951428,0.445427,-0.0937214,-1,0.0840263,-0.107654,-0.267484,0,0,0,0.731901,-0.802688,-0.286902,0.974852,-0.220012,0.44353
586,11,4,0,0,-0.950096,-0.648611,-0.26199,-1,-0.648611,-0.26199,-0.0432086,-0.0208099,-0.293339,0,0,0,0.847938,-1.76062,0,0.291384,-0.605016,0
588,114,8,0,0,-0.285478,0.161168,-0.951097,-0.285478,0.161168,-1,-0.135595,0.0591292,-0.22062,0,0,0,-1.05818,1.1849,-0.306446,0.901743,-1.84344,-0.0884845
591,43,9,0,0,0.60664,-0.624051,-0.951765,0.615346,-0.615346,-1,0.0782419,-0.0994385,-0.0264389,0,0,0,1.65306,2.12997,-0.356259,0.436265,0.346813,0.0100701
593,99,4,0,0,-0.950126,0.51917,-0.950703,-1,0.51917,-0.950703,-0.0924919,0.0876517,0.0714647,0,0,0,-0.301399,-4.08392,-0.110974,-0.520698,-0.245672,-0.0419593
598,121,4,0,0,-0.950154,-0.30491,-0.864241,-1,-0.30491,-0.864241,-0.183808,0.063552,-0.357636,0,0,0,-0.142754,1.22221,-0.865771,-1.02032,-2.53706,-0.322146
602,1,6,0,0,-0.861677,-0.951446,-0.580768,-0.861677,-1,-0.580768,-0.144653,-0.14974,-0.384214,0,0,0,-2.77653,2.18244,-0.108348,-1.95442,1.73192,-0.0638316
604,236,9,0,0,-0.562712,0.758903,-0.953489,-0.562712,0.758903,-1,-0.399809,-0.0469919,-0.586512,0,0,0,-0.270401,-3.87034,-0.461941,1.57829,-3.24431,-1.04876
608,154,8,0,0,-0.691893,-0.389346,-0.951026,-0.691893,-0.389346,-1,-0.10956,-0.115738,-0.159736,0,0,0,1.14068,0.615364,1.56297,1.07005,-1.53736,0.638351
619,187,4,0,0,-0.950137,0.387989,-0.949639,-1,0.387989,-0.949639,-0.0520539,-0.00374253,0.00703657,0,0,0,-0.87362,-1.80895,-0.76586,0.0738363,-1.02697,-0.0341757
619,25,8,0,0,0.0174267,-0.655991,-0.950086,0.0174267,-0.655991,-1,0.00699666,0.00393905,-0.13016,0,0,0,3.44912,1.70798,-0.393784,-0.222699,0.266883,-0.0513222
626,171,8,0,0,-0.315097,-0.0643261,-0.952411,-0.315097,-0.0643261,-1,-0.0981221,-0.123573,-0.325086,0,0,0,1.80662,0.00165983,-1.08783,1.43353,0.0696138,-1.11782
630,155,8,0,0,-0.236467,-0.142147,-0.950206,-0.236467,-0.142147,-1,0.0168706,-0.0136845,-0.242962,0,0,0,0.406226,1.29472,1.60082,-0.291276,0.0841883,0.062639
630,164,8,0,0,0.498528,-0.590916,-0.951022,0.498528,-0.590916,-1,-0.047556,-0.015228,-0.184387,0,0,0,0.494836,1.70287,-0.146826,-0.295413,-0.146933,0.841168
636,138,8,0,0,-0.21196,-0.855887,-0.950636,-0.21196,-0.855887,-1,-0.171577,-0.0860818,-0.253346,0,0,0,1.62826,-5.08928,0.250671,1.88723,-1.54371,-0.858895
639,162,9,0,0,0.508932,-0.477728,-0.951052,0.508932,-0.477728,-1,0.0153815,-0.0408026,-0.188762,0,0,0,1.78104,-0.481307,0.623494,0.0571485,-0.253405,-0.188226
641,241,3,0,0,0.950302,0.567783,-0.335962,1,0.567783,-0.335962,0.0565726,-0.00520289,0.18754,0,0,0,0.0953106,1.03634,0,0.064742,0.703959,0
642,113,0,0,0,-0.400967,0.950332,-0.933473,-0.400967,1,-0.933473,-0.0498195,0.0705911,-0.0239748,0,0,0,-4.3012,1.68384,-0.368011,0.0558589,0.0688239,0.0148693
642,162,8,0,0,0.509264,-0.478674,-0.955166,0.493969,-0.493969,-1,0.00891924,-0.0244517,-0.101317,0,0,0,1.78575,-0.480463,0.622582,0.180882,-0.0274919,-0.0884465
643,161,8,0,0,0.219902,-0.676956,-0.95032,0.219902,-0.676956,-1,0.0282024,-0.0732062,-0.17765,0,0,0,2.44203,-1.09191,0.469684,0.628142,0.138692,-0.0827754
645,73,0,0,0,-0.174245,0.950265,-0.954383,-0.174245,1,-0.954383,0.0142212,0.0814895,-0.0730159,0,0,0,-10.1293,-5.6235,1.58594,-1.63337,0.284883,0.118453
646,111,8,0,0,-0.727682,0.697566,-0.950214,-0.727682,0.697566,-1,-0.0445866,0.059155,-0.204296,0,0,0,0.252637,-2.46239,0.469133,-0.848603,0.247351,-0.0860318
649,111,9,0,0,-0.728701,0.69915,-0.955027,-0.713926,0.713926,-1,-0.0278413,0.0460213,-0.126448,0,0,0,0.232295,-2.47026,0.467862,-0.67499,-0.432591,-0.016969
657,69,8,0,0,-0.825958,-0.343083,-0.950344,-0.825958,-0.343083,-1,0.012424,0.0282653,-0.149704,0,0,0,1.51422,0.505239,-0.809548,-0.856597,-0.343092,-0.251519
658,43,9,0,0,0.640092,-0.651093,-0.950672,0.645593,-0.645593,-1,0.0271866,0.00852763,-0.00466249,0,0,0,1.90577,2.47,-0.376266,-0.149631,0.476974,-0.023417
661,2,4,0,0,-0.951633,-0.947982,-0.903893,-1,-0.947982,-0.903893,-0.165236,-0.166574,-0.143439,0,0,0,2.86737,-5.96386,0.132418,-3.88107,1.06622,0.241762
665,201,4,0,0,-0.951021,0.450795,-0.845215,-1,0.450795,-0.845215,-0.222544,0.0325314,-0.236807,0,0,0,-1.97116,-7.50941,0.713716,-0.514973,-3.51667,0.0430737
669,43,9,0,0,0.642534,-0.650348,-0.950318,0.646441,-0.646441,-1,0.0196534,0.00593634,-1.3931e-05,0,0,0,1.89229,2.51458,-0.377335,-0.112902,0.373444,-0.00554735
669,9,6,0,0,0.651154,-0.950702,-0.912586,0.651154,-1,-0.912586,0.0526672,-0.0953254,-0.0303871,0,0,0,-1.60295,1.62601,0.515833,1.50068,0.828907,0.058237
677,96,8,0,0,-0.564855,-0.0380155,-0.951118,-0.564855,-0.0380155,-1,-0.0234946,-0.0421801,-0.258705,0,0,0,0.55928,-18.5896,-0.219134,0.0324176,0.294348,-0.163549
678,160,8,0,0,0.402442,-0.495352,-0.952219,0.402442,-0.495352,-1,0.0823443,-0.104069,-0.253984,0,0,0,1.60573,5.19393,-0.657998,1.59271,1.50268,-0.35221
689,66,4,0,0,-0.950071,0.279997,-0.950866,-1,0.279997,-0.950866,-0.0683093,0.064907,0.0221917,0,0,0,-0.1342,-2.99757,-0.419302,-1.32696,-1.39652,-0.00685837
689,162,8,0,0,0.506,-0.500385,-0.950354,0.503192,-0.503192,-1,0.044769,-0.0352711,-0.0860133,0,0,0,1.63015,-0.27575,0.621886,-0.204463,1.16713,-0.18616
690,67,8,0,0,-0.492023,0.141518,-0.951021,-0.492023,0.141518,-1,0.00887214,0.00483171,-0.134404,0,0,0,-3.75539,0.0410622,-0.388566,0.029099,0.00498353,0.00332358
694,212,8,0,0,-0.523634,0.309902,-0.950367,-0.523634,0.309902,-1,-0.00756799,0.0353664,-0.135017,0,0,0,-0.614752,-5.34177,0.637653,-0.166398,0.458427,0.14721
697,135,6,0,0,-0.742424,-0.950575,-0.758337,-0.742424,-1,-0.758337,-0.067653,-0.124984,-0.17057,0,0,0,2.52786,-2.06909,0.373098,1.75195,-0.948344,6.31363e-05
700,174,9,0,0,0.555137,-0.391731,-0.950403,0.555137,-0.391731,-1,0.0500353,0.00529238,-0.188017,0,0,0,2.02935,1.93634,0.0885381,-0.65201,0.939166,-0.00485923
706,1,4,0,0,-0.950144,-0.773832,-0.91789,-1,-0.773832,-0.91789,-0.0414066,0.276315,-0.280037,0,0,0,-5.87473,2.82953,0.474262,-3.33179,0.51697,0.343011
718,162,8,0,0,0.516205,-0.504969,-0.950912,0.510587,-0.510587,-1,0.0304854,-0.0133135,-0.0299721,0,0,0,1.69179,-0.138847,0.611694,0.209814,0.469886,-0.0190173
724,201,8,0,0,-0.881358,0.485027,-0.951399,-0.881358,0.485027,-1,0.151646,0.0419296,-0.223264,0,0,0,-2.31923,-6.97298,0.641666,-0.412334,1.2519,0.0847789
726,199,8,0,0,-0.618625,0.128306,-0.950838,-0.618625,0.128306,-1,-0.0235459,-0.0255794,-0.156982,0,0,0,-5.03697,3.37095,0.194733,0.386248,-0.0264991,-0.241725
731,183,9,0,0,0.127344,0.361089,-0.950588,0.127344,0.361089,-1,0.0451298,-0.0188311,-0.203784,0,0,0,0.594361,-5.85398,0.934712,1.66773,0.315047,0.129451
744,173,8,0,0,0.175029,-0.358449,-0.950647,0.175029,-0.358449,-1,-0.002138,-0.0795912,-0.188917,0,0,0,-0.473366,-0.335225,0.677101,0.998443,-0.0331932,0.182618
751,172,9,0,0,0.336966,-0.238522,-0.950475,0.336966,-0.238522,-1,0.00300422,0.0110524,-0.123521,0,0,0,0.590355,1.32093,0.707584,-0.0115032,0.0166688,-0.00150075
788,123,6,0,0,-0.382197,-0.950089,-0.903017,-0.382197,-1,-0.903017,-0.0238171,-0.0377025,0.0279735,0,0,0,2.94409,-7.89123,-1.04586,0.631288,-0.387747,0.00132541
801,236,5,0,0,-0.950258,0.740254,-0.856148,-1,0.740254,-0.856148,-0.139834,0.113639,-0.174511,0,0,0,0.0929958,-9.73773,-0.40612,-1.31775,-1.82523,0.585612
802,236,4,0,0,-0.95153,0.741381,-0.857901,-1,0.736265,-0.868132,-0.127182,0.112682,-0.175317,0,0,0,0.080535,-9.75348,-0.400104,-1.24608,-1.57523,0.601605
818,209,4,0,0,-0.950013,0.642099,-0.897315,-1,0.642099,-0.897315,-0.0444713,-0.000552378,-0.0824403,0,0,0,-4.67728,-1.44828,-0.214296,-0.96785,-0.895924,0.41095
847,176,8,0,0,-0.522291,-0.150298,-0.950454,-0.522291,-0.150298,-1,-0.0829375,-0.0329229,-0.208969,0,0,0,-2.32592,0.0905398,-0.041387,0.479946,-1.35039,0.372425
854,233,9,0,0,-0.251858,0.388524,-0.951284,-0.251858,0.388524,-1,0.00467636,0.00785633,-0.128775,0,0,0,-1.45639,3.30314,-0.368281,-0.0497197,0.0124798,-0.00578548
869,209,8,0,0,-0.940099,0.634706,-0.951216,-0.940099,0.634706,-1,0.0260667,0.00182063,-0.179279,0,0,0,-4.76614,-1.44884,-0.230032,-0.275113,0.0646219,-0.0923989
882,236,8,0,0,-0.93829,0.845717,-0.951779,-0.93829,0.845717,-1,0.0110981,0.136894,-0.237985,0,0,0,-1.07693,-9.73914,-0.501699,-1.64224,-0.0830529,-0.246544
902,74,8,0,0,-0.157033,0.0428709,-0.950372,-0.157033,0.0428709,-1,-0.00484515,-0.00682353,-0.0816381,0,0,0,-0.164207,-6.23719,0.80586,0.0505224,-0.012689,0.00170151
933,50,9,0,0,-0.166003,0.326342,-0.950432,-0.166003,0.326342,-1,0.001035,0.00169225,-0.0794855,0,0,0,-2.29133,-0.690081,1.10033,-0.00969129,0.0147255,-0.00102014
992,168,8,0,0,-0.0905839,-0.0943459,-0.950608,-0.0905839,-0.0943459,-1,-0.0022334,-0.00152264,-0.0881025,0,0,0,-0.685695,-2.97135,-0.230529,-0.0174382,-0.026567,0.00112929
1022,236,9,0,0,-0.93371,0.916729,-0.951545,-0.925219,0.925219,-1,-0.000704476,0.0221348,-0.0646831,0,0,0,-2.17471,-9.65293,-0.508252,-0.400219,0.130695,-9.0413e-07
1054,236,9,0,0,-0.934229,0.91866,-0.95139,-0.926444,0.926444,-1,0.000376079,0.00496831,-0.0171662,0,0,0,-2.20033,-9.66243,-0.508591,0.0919226,-0.0751469,9.82319e-07
1181,147,8,0,0,-0.0514843,-0.483028,-0.95005,-0.0514843,-0.483028,-1,0.000112528,0.000104085,-0.0637125,0,0,0,-0.158163,1.42132,-1.91968,0.00381877,-0.0165557,0.00174607
1610,141,8,0,0,0.0933555,-0.234985,-0.95008,0.0933555,-0.234985,-1,0.000927946,-0.0011924,-0.0580994,0,0,0,-1.41239,-1.61741,-0.14731,0.0166969,0.0182853,-0.00247641
1956,213,8,0,0,-0.498195,0.0705785,-0.950308,-0.498195,0.0705785,-1,-0.00643583,-0.000307294,-0.0748465,0,0,0,1.07905,-3.48146,-1.66741,-0.0130858,-0.0427238,-0.00286988
